13 0.862000 0.606667 0.068000 0.157333
13 0.734000 0.605333 0.112000 0.197333
14 0.601000 0.621333 0.126000 0.325333
14 0.273000 0.586667 0.066000 0.266667
14 0.316000 0.518667 0.052000 0.141333
14 0.359000 0.522667 0.054000 0.122667
14 0.388000 0.526667 0.028000 0.109333
14 0.491000 0.520000 0.046000 0.122667
14 0.537000 0.508000 0.058000 0.120000
13 0.498000 0.657333 0.172000 0.248000
13 0.344000 0.692000 0.184000 0.290667
13 0.178000 0.693333 0.116000 0.293333
14 0.439000 0.572000 0.066000 0.242667
