8 0.082000 0.866667 0.164000 0.261333
8 0.297000 0.736000 0.174000 0.298667
8 0.721000 0.802667 0.174000 0.346667
8 0.673000 0.618667 0.122000 0.213333
8 0.913000 0.622667 0.138000 0.232000
10 0.462000 0.812000 0.260000 0.317333
14 0.827000 0.608000 0.174000 0.293333
14 0.516000 0.504000 0.084000 0.309333
14 0.422000 0.510667 0.084000 0.290667
14 0.069000 0.462667 0.094000 0.312000
14 0.149000 0.469333 0.098000 0.304000
14 0.071000 0.800000 0.142000 0.394667
14 0.682000 0.726667 0.232000 0.472000
14 0.322000 0.698667 0.168000 0.352000
