14 0.204000 0.608108 0.136000 0.657658
14 0.350000 0.629129 0.128000 0.627628
14 0.501000 0.656156 0.122000 0.585586
14 0.082000 0.527027 0.100000 0.399399
14 0.884000 0.591592 0.068000 0.186186
14 0.918000 0.804805 0.120000 0.306306
14 0.811000 0.578078 0.090000 0.189189
14 0.447000 0.430931 0.066000 0.171171
14 0.562000 0.486486 0.060000 0.192192
14 0.728000 0.582583 0.072000 0.270270
13 0.549000 0.725225 0.318000 0.387387
13 0.652000 0.681682 0.212000 0.390390
14 0.255000 0.384384 0.082000 0.228228
14 0.024000 0.399399 0.048000 0.132132
