11 0.685333 0.587000 0.192000 0.342000
14 0.610667 0.315000 0.293333 0.518000
15 0.148000 0.871000 0.296000 0.254000
15 0.848000 0.584000 0.138667 0.104000
15 0.957333 0.554000 0.080000 0.116000
15 0.272000 0.617000 0.165333 0.098000
15 0.308000 0.541000 0.125333 0.102000
15 0.354667 0.443000 0.122667 0.146000
15 0.408000 0.345000 0.101333 0.062000
15 0.416000 0.276000 0.117333 0.092000
15 0.428000 0.204000 0.093333 0.084000
15 0.761333 0.370000 0.104000 0.096000
15 0.078667 0.919000 0.157333 0.158000
15 0.778667 0.302000 0.058667 0.072000
15 0.486667 0.091000 0.168000 0.182000
15 0.328000 0.125000 0.090667 0.106000
15 0.857333 0.498000 0.184000 0.300000
11 0.373333 0.588000 0.421333 0.512000
