4 0.184000 0.941333 0.060000 0.112000
4 0.082000 0.924000 0.056000 0.146667
4 0.026000 0.948000 0.032000 0.098667
14 0.510000 0.688000 0.332000 0.565333
14 0.715000 0.790667 0.262000 0.413333
14 0.539000 0.768000 0.262000 0.458667
14 0.141000 0.641333 0.246000 0.680000
14 0.223000 0.636000 0.202000 0.584000
14 0.355000 0.372000 0.070000 0.130667
14 0.669000 0.485333 0.170000 0.368000
14 0.677000 0.352000 0.114000 0.250667
14 0.349000 0.649333 0.226000 0.658667
14 0.314000 0.298667 0.072000 0.122667
14 0.444000 0.353333 0.060000 0.200000
14 0.562000 0.406667 0.148000 0.317333
