15 0.901000 0.329333 0.182000 0.290667
14 0.664000 0.397333 0.100000 0.432000
14 0.414000 0.464000 0.116000 0.213333
14 0.313000 0.344000 0.082000 0.416000
14 0.369000 0.378667 0.066000 0.272000
14 0.376000 0.278667 0.072000 0.253333
14 0.537000 0.302667 0.058000 0.216000
14 0.157000 0.292000 0.074000 0.178667
14 0.082000 0.342667 0.100000 0.456000
8 0.168000 0.325333 0.072000 0.122667
8 0.242000 0.316000 0.072000 0.104000
14 0.461000 0.262667 0.090000 0.274667
14 0.754000 0.309333 0.080000 0.277333
14 0.509000 0.420000 0.126000 0.264000
