14 0.105000 0.498498 0.210000 0.996997
14 0.691000 0.510511 0.386000 0.972973
14 0.149000 0.405405 0.074000 0.324324
14 0.240000 0.334835 0.084000 0.279279
14 0.321000 0.369369 0.078000 0.174174
14 0.230000 0.701201 0.204000 0.507508
14 0.377000 0.521021 0.186000 0.291291
14 0.516000 0.460961 0.080000 0.453453
14 0.394000 0.277778 0.120000 0.261261
11 0.294000 0.866366 0.320000 0.261261
11 0.407000 0.738739 0.190000 0.264264
11 0.720000 0.803303 0.512000 0.387387
14 0.504000 0.229730 0.040000 0.057057
