16 0.854000 0.486667 0.068000 0.061333
16 0.400000 0.532000 0.072000 0.077333
16 0.464000 0.597333 0.108000 0.128000
16 0.700000 0.610667 0.120000 0.149333
16 0.763000 0.628000 0.058000 0.104000
16 0.300000 0.554667 0.052000 0.064000
16 0.831000 0.616000 0.050000 0.080000
16 0.130000 0.621333 0.096000 0.112000
16 0.588000 0.616000 0.052000 0.085333
16 0.515000 0.676000 0.074000 0.061333
16 0.279000 0.681333 0.066000 0.093333
16 0.367000 0.644000 0.094000 0.146667
16 0.872000 0.596000 0.060000 0.136000
