1 0.713000 0.593333 0.258000 0.200000
1 0.386000 0.585333 0.192000 0.178667
1 0.200000 0.572000 0.144000 0.152000
1 0.047000 0.572000 0.094000 0.141333
14 0.714000 0.502667 0.144000 0.296000
14 0.374000 0.518667 0.112000 0.280000
14 0.187000 0.518667 0.082000 0.216000
14 0.029000 0.498667 0.058000 0.160000
14 0.944000 0.446667 0.056000 0.184000
14 0.879000 0.457333 0.042000 0.152000
14 0.848000 0.434667 0.036000 0.170667
14 0.804000 0.441333 0.044000 0.168000
14 0.627000 0.457333 0.030000 0.157333
14 0.462000 0.449333 0.044000 0.141333
14 0.125000 0.465333 0.022000 0.114667
14 0.104000 0.465333 0.024000 0.114667
