15 0.406667 0.589000 0.130667 0.194000
15 0.520000 0.606000 0.090667 0.100000
15 0.604000 0.647000 0.088000 0.082000
15 0.697333 0.629000 0.098667 0.078000
15 0.898667 0.481000 0.069333 0.050000
15 0.844000 0.428000 0.082667 0.100000
15 0.786667 0.615000 0.085333 0.094000
15 0.869333 0.645000 0.080000 0.078000
15 0.942667 0.636000 0.093333 0.088000
15 0.101333 0.440000 0.074667 0.084000
14 0.249333 0.702000 0.200000 0.436000
15 0.789333 0.533000 0.117333 0.070000
15 0.042667 0.746000 0.085333 0.232000
