4 0.030000 0.753333 0.060000 0.333333
4 0.076000 0.733333 0.092000 0.325333
4 0.138000 0.709333 0.100000 0.330667
4 0.212000 0.693333 0.088000 0.309333
4 0.286000 0.666667 0.092000 0.336000
4 0.350000 0.654667 0.108000 0.328000
4 0.423000 0.630667 0.098000 0.333333
4 0.501000 0.612000 0.086000 0.333333
4 0.581000 0.586667 0.102000 0.336000
4 0.660000 0.568000 0.104000 0.346667
4 0.736000 0.526667 0.096000 0.370667
4 0.827000 0.505333 0.098000 0.370667
4 0.911000 0.484000 0.098000 0.376000
4 0.975000 0.444000 0.046000 0.408000
