19 0.358000 0.598667 0.128000 0.114667
19 0.458000 0.756000 0.164000 0.130667
19 0.759000 0.717333 0.142000 0.128000
19 0.962000 0.606667 0.072000 0.045333
19 0.811000 0.442667 0.054000 0.053333
19 0.307000 0.512000 0.098000 0.080000
19 0.470000 0.505333 0.092000 0.072000
19 0.574000 0.581333 0.108000 0.096000
19 0.397000 0.461333 0.046000 0.064000
19 0.289000 0.266667 0.046000 0.048000
19 0.471000 0.244000 0.038000 0.040000
19 0.053000 0.234667 0.050000 0.048000
19 0.369000 0.421333 0.062000 0.058667
19 0.772000 0.557333 0.092000 0.080000
19 0.615000 0.476000 0.086000 0.082667
