10 0.040000 0.821038 0.080000 0.133880
8 0.067000 0.859290 0.126000 0.275956
8 0.943000 0.937158 0.110000 0.120219
8 0.952000 0.816940 0.092000 0.153005
10 0.899000 0.822404 0.194000 0.267760
8 0.779000 0.810109 0.106000 0.286885
8 0.612000 0.707650 0.072000 0.076503
8 0.671000 0.853825 0.138000 0.286885
8 0.454000 0.836066 0.080000 0.295082
8 0.537000 0.868852 0.146000 0.256831
10 0.589000 0.844262 0.262000 0.306011
8 0.233000 0.569672 0.046000 0.106557
8 0.305000 0.599727 0.074000 0.139344
14 0.324000 0.547814 0.072000 0.166667
14 0.340000 0.504098 0.036000 0.079235
14 0.622000 0.457650 0.048000 0.079235
14 0.710000 0.467213 0.052000 0.054645
