10 0.566000 0.762667 0.380000 0.469333
14 0.945000 0.648000 0.106000 0.485333
14 0.616000 0.622667 0.280000 0.749333
8 0.652000 0.713333 0.364000 0.568000
14 0.252000 0.617333 0.504000 0.760000
15 0.475000 0.150667 0.118000 0.301333
4 0.210000 0.228000 0.060000 0.264000
4 0.169000 0.256000 0.058000 0.224000
4 0.076000 0.276000 0.052000 0.232000
4 0.064000 0.173333 0.064000 0.208000
4 0.135000 0.180000 0.018000 0.077333
4 0.140000 0.148000 0.028000 0.109333
4 0.163000 0.138667 0.030000 0.101333
4 0.222000 0.196000 0.048000 0.242667
