10 0.475000 0.793333 0.534000 0.408000
8 0.543000 0.834667 0.170000 0.325333
8 0.221000 0.826667 0.250000 0.341333
14 0.830000 0.710667 0.256000 0.573333
14 0.743000 0.533333 0.134000 0.192000
14 0.624000 0.505333 0.128000 0.200000
14 0.452000 0.512000 0.120000 0.170667
14 0.282000 0.529333 0.152000 0.162667
14 0.177000 0.710667 0.202000 0.509333
8 0.202000 0.424000 0.084000 0.149333
8 0.179000 0.532000 0.066000 0.120000
8 0.103000 0.882667 0.114000 0.229333
8 0.036000 0.638667 0.072000 0.216000
14 0.044000 0.774667 0.088000 0.445333
15 0.747000 0.372000 0.242000 0.349333
15 0.083000 0.378667 0.034000 0.069333
