4 0.033000 0.280000 0.034000 0.096000
8 0.091000 0.557333 0.138000 0.400000
10 0.122000 0.329333 0.244000 0.136000
14 0.468000 0.249333 0.120000 0.450667
8 0.821000 0.309333 0.058000 0.186667
8 0.905000 0.401333 0.122000 0.269333
14 0.882000 0.196000 0.112000 0.274667
14 0.924000 0.258667 0.148000 0.357333
4 0.479000 0.901333 0.074000 0.192000
8 0.921000 0.513333 0.110000 0.194667
10 0.547000 0.786667 0.902000 0.421333
14 0.264000 0.464000 0.388000 0.672000
14 0.641000 0.426667 0.310000 0.549333
