10 0.546000 0.700000 0.420000 0.594667
14 0.797000 0.786667 0.254000 0.421333
8 0.954000 0.921333 0.088000 0.152000
8 0.178000 0.837333 0.060000 0.320000
14 0.305000 0.573333 0.154000 0.309333
14 0.143000 0.562667 0.122000 0.517333
14 0.380000 0.553333 0.116000 0.296000
14 0.690000 0.662667 0.212000 0.397333
14 0.647000 0.530667 0.146000 0.202667
14 0.647000 0.458667 0.050000 0.160000
14 0.416000 0.460000 0.068000 0.157333
14 0.616000 0.478667 0.052000 0.173333
14 0.402000 0.360000 0.060000 0.101333
14 0.610000 0.377333 0.036000 0.045333
14 0.590000 0.398667 0.036000 0.130667
14 0.562000 0.373333 0.020000 0.090667
8 0.928000 0.844000 0.080000 0.306667
14 0.464000 0.381333 0.020000 0.042667
14 0.441000 0.376000 0.034000 0.032000
14 0.351000 0.764000 0.302000 0.466667
15 0.141000 0.541333 0.162000 0.330667
