19 0.046000 0.442667 0.040000 0.069333
19 0.135000 0.437333 0.054000 0.069333
8 0.159000 0.562667 0.094000 0.170667
8 0.268000 0.534667 0.084000 0.146667
14 0.235000 0.428000 0.046000 0.093333
14 0.265000 0.452000 0.082000 0.136000
14 0.384000 0.442667 0.100000 0.096000
14 0.389000 0.553333 0.110000 0.264000
8 0.378000 0.629333 0.108000 0.224000
19 0.563000 0.470667 0.066000 0.077333
19 0.504000 0.461333 0.032000 0.085333
19 0.719000 0.470667 0.078000 0.093333
14 0.744000 0.594667 0.144000 0.325333
8 0.794000 0.688000 0.152000 0.314667
14 0.883000 0.562667 0.134000 0.325333
8 0.930000 0.622667 0.108000 0.226667
14 0.769000 0.413333 0.046000 0.069333
14 0.141000 0.496000 0.058000 0.197333
