14 0.836000 0.663664 0.052000 0.114114
14 0.874000 0.382883 0.044000 0.117117
14 0.896000 0.498498 0.204000 0.996997
14 0.777000 0.578078 0.170000 0.837838
14 0.618000 0.573574 0.152000 0.846847
14 0.538000 0.606607 0.164000 0.504505
14 0.484000 0.669670 0.308000 0.654655
14 0.327000 0.665165 0.174000 0.663664
14 0.261000 0.552553 0.150000 0.504505
14 0.220000 0.438438 0.100000 0.384384
14 0.124000 0.325826 0.044000 0.081081
14 0.150000 0.557057 0.064000 0.471471
14 0.099000 0.551051 0.098000 0.531532
14 0.034000 0.560060 0.068000 0.531532
