10 0.428000 0.805333 0.856000 0.384000
14 0.350000 0.422667 0.340000 0.520000
14 0.718000 0.512000 0.388000 0.645333
8 0.350000 0.518667 0.388000 0.248000
8 0.853000 0.718667 0.134000 0.557333
8 0.957000 0.445333 0.082000 0.138667
14 0.930000 0.302667 0.136000 0.290667
14 0.952000 0.348000 0.092000 0.200000
14 0.757000 0.285333 0.042000 0.053333
14 0.703000 0.289333 0.034000 0.109333
10 0.757000 0.389333 0.062000 0.085333
10 0.805000 0.376000 0.026000 0.090667
10 0.815000 0.353333 0.026000 0.077333
