16 0.254667 0.759000 0.312000 0.158000
16 0.329333 0.657000 0.146667 0.066000
16 0.597333 0.628000 0.128000 0.064000
16 0.765333 0.622000 0.112000 0.080000
16 0.889333 0.595000 0.141333 0.066000
16 0.709333 0.607000 0.101333 0.054000
16 0.644000 0.606000 0.040000 0.044000
16 0.752000 0.543000 0.042667 0.018000
16 0.380000 0.582000 0.018667 0.020000
16 0.036000 0.629000 0.034667 0.018000
16 0.490667 0.582000 0.037333 0.012000
16 0.530667 0.563000 0.026667 0.022000
16 0.584000 0.561000 0.042667 0.022000
16 0.444000 0.558000 0.034667 0.020000
16 0.312000 0.574000 0.021333 0.020000
16 0.162667 0.580000 0.026667 0.016000
