6 0.966000 0.524000 0.020000 0.029333
6 0.942000 0.525333 0.032000 0.037333
6 0.903000 0.530667 0.046000 0.042667
6 0.869000 0.526667 0.018000 0.045333
5 0.517000 0.505333 0.686000 0.674667
14 0.611000 0.456000 0.070000 0.106667
6 0.098000 0.606667 0.188000 0.146667
6 0.022000 0.629333 0.044000 0.149333
14 0.351000 0.422667 0.102000 0.136000
14 0.411000 0.445333 0.066000 0.144000
14 0.922000 0.742667 0.056000 0.216000
14 0.972000 0.704000 0.052000 0.314667
14 0.991000 0.556000 0.014000 0.098667
6 0.866000 0.586667 0.020000 0.085333
