10 0.366000 0.789333 0.600000 0.416000
8 0.545000 0.790667 0.258000 0.413333
8 0.601000 0.576000 0.102000 0.149333
8 0.447000 0.556000 0.078000 0.120000
8 0.182000 0.570667 0.100000 0.112000
8 0.141000 0.786667 0.222000 0.421333
8 0.240000 0.800000 0.276000 0.394667
8 0.080000 0.536000 0.056000 0.106667
8 0.013000 0.554667 0.026000 0.106667
15 0.752000 0.045333 0.124000 0.090667
15 0.488000 0.136000 0.164000 0.192000
15 0.789000 0.592000 0.138000 0.181333
4 0.708000 0.188000 0.032000 0.109333
4 0.691000 0.189333 0.026000 0.101333
4 0.676000 0.194667 0.024000 0.101333
15 0.796000 0.164000 0.092000 0.093333
