6 0.027000 0.178667 0.054000 0.085333
6 0.082000 0.178667 0.108000 0.090667
6 0.189000 0.176000 0.146000 0.117333
6 0.281000 0.140000 0.110000 0.125333
14 0.257000 0.158667 0.026000 0.130667
14 0.285000 0.160000 0.038000 0.128000
6 0.370000 0.129333 0.088000 0.072000
6 0.434000 0.124000 0.044000 0.061333
6 0.475000 0.117333 0.066000 0.085333
6 0.638000 0.141333 0.116000 0.090667
6 0.763000 0.149333 0.174000 0.101333
6 0.914000 0.141333 0.168000 0.133333
13 0.468000 0.612000 0.620000 0.680000
14 0.513000 0.482667 0.310000 0.885333
