8 0.413000 0.489333 0.126000 0.178667
8 0.403000 0.582667 0.154000 0.290667
10 0.468000 0.488000 0.120000 0.186667
10 0.498000 0.538667 0.152000 0.224000
10 0.541000 0.590667 0.174000 0.269333
10 0.199000 0.486667 0.106000 0.178667
10 0.194000 0.521333 0.116000 0.205333
10 0.098000 0.789333 0.196000 0.416000
10 0.064000 0.885333 0.128000 0.224000
10 0.843000 0.886667 0.310000 0.221333
10 0.794000 0.808000 0.408000 0.378667
10 0.667000 0.736000 0.294000 0.400000
8 0.504000 0.829333 0.308000 0.336000
15 0.677000 0.257333 0.122000 0.162667
15 0.195000 0.362667 0.146000 0.378667
