3 0.689000 0.612000 0.262000 0.114667
3 0.218000 0.637333 0.260000 0.074667
3 0.884000 0.369333 0.160000 0.056000
3 0.715000 0.393333 0.182000 0.077333
3 0.561000 0.417333 0.218000 0.088000
3 0.540000 0.332000 0.112000 0.034667
3 0.081000 0.844000 0.162000 0.082667
3 0.045000 0.770667 0.090000 0.053333
3 0.330000 0.484000 0.208000 0.077333
3 0.376000 0.489333 0.180000 0.050667
3 0.519000 0.470667 0.170000 0.061333
3 0.357000 0.449333 0.198000 0.061333
3 0.650000 0.316000 0.120000 0.040000
3 0.745000 0.305333 0.102000 0.034667
3 0.817000 0.292000 0.102000 0.040000
3 0.054000 0.514667 0.108000 0.042667
