15 0.785000 0.338667 0.262000 0.394667
8 0.702000 0.802667 0.240000 0.389333
14 0.634000 0.510667 0.176000 0.280000
14 0.345000 0.678667 0.222000 0.600000
14 0.167000 0.429333 0.082000 0.266667
14 0.234000 0.442667 0.048000 0.117333
14 0.545000 0.421333 0.058000 0.090667
8 0.279000 0.780000 0.274000 0.434667
8 0.946000 0.826667 0.104000 0.341333
8 0.963000 0.584000 0.070000 0.144000
8 0.048000 0.508000 0.052000 0.141333
8 0.104000 0.497333 0.052000 0.130667
4 0.538000 0.536000 0.040000 0.160000
4 0.492000 0.485333 0.020000 0.064000
