6 0.958000 0.553936 0.080000 0.198251
14 0.077000 0.771137 0.142000 0.451895
14 0.353000 0.613703 0.110000 0.510204
14 0.466000 0.685131 0.148000 0.518950
14 0.639000 0.733236 0.102000 0.521866
14 0.773000 0.720117 0.166000 0.553936
14 0.959000 0.785714 0.078000 0.329446
14 0.908000 0.657434 0.072000 0.306122
8 0.284000 0.902332 0.116000 0.189504
8 0.470000 0.919825 0.200000 0.154519
8 0.878000 0.900875 0.160000 0.192420
8 0.958000 0.874636 0.080000 0.244898
10 0.613000 0.881924 0.202000 0.230321
