4 0.479000 0.801333 0.090000 0.248000
8 0.612000 0.268000 0.084000 0.141333
8 0.708000 0.349333 0.156000 0.266667
8 0.701000 0.388000 0.142000 0.290667
8 0.229000 0.606667 0.106000 0.173333
8 0.351000 0.541333 0.066000 0.181333
14 0.189000 0.282667 0.230000 0.389333
14 0.393000 0.162667 0.138000 0.181333
14 0.360000 0.333333 0.204000 0.437333
10 0.251000 0.386667 0.226000 0.320000
10 0.841000 0.320000 0.286000 0.234667
14 0.673000 0.257333 0.126000 0.349333
14 0.163000 0.674667 0.326000 0.645333
14 0.494000 0.400000 0.280000 0.458667
14 0.872000 0.409333 0.252000 0.477333
10 0.598000 0.780000 0.800000 0.434667
