15 0.429000 0.456000 0.082000 0.133333
15 0.272000 0.478667 0.084000 0.120000
8 0.230000 0.506667 0.072000 0.117333
8 0.329000 0.498667 0.078000 0.154667
8 0.256000 0.514667 0.056000 0.133333
8 0.378000 0.504000 0.056000 0.106667
8 0.477000 0.548000 0.062000 0.173333
8 0.548000 0.558667 0.072000 0.168000
8 0.447000 0.592000 0.082000 0.181333
8 0.370000 0.564000 0.084000 0.162667
8 0.401000 0.617333 0.102000 0.210667
8 0.662000 0.661333 0.124000 0.224000
8 0.625000 0.530667 0.054000 0.144000
8 0.701000 0.488000 0.066000 0.069333
8 0.690000 0.578667 0.084000 0.181333
8 0.747000 0.569333 0.078000 0.157333
8 0.518000 0.466667 0.044000 0.069333
8 0.888000 0.496000 0.044000 0.106667
8 0.822000 0.505333 0.052000 0.120000
8 0.789000 0.496000 0.050000 0.106667
