4 0.566000 0.605615 0.208000 0.216578
14 0.367000 0.589572 0.594000 0.815508
14 0.720000 0.594920 0.300000 0.601604
4 0.396000 0.109626 0.028000 0.122995
4 0.370000 0.105615 0.024000 0.125668
4 0.341000 0.106952 0.026000 0.122995
4 0.312000 0.100267 0.028000 0.120321
4 0.282000 0.098930 0.024000 0.122995
4 0.256000 0.097594 0.028000 0.131016
4 0.224000 0.093583 0.036000 0.133690
4 0.195000 0.093583 0.030000 0.133690
4 0.164000 0.088235 0.028000 0.128342
4 0.132000 0.090909 0.028000 0.128342
4 0.084000 0.085561 0.036000 0.128342
4 0.050000 0.084225 0.032000 0.125668
4 0.013000 0.088235 0.026000 0.122995
4 0.284000 0.232620 0.020000 0.069519
4 0.255000 0.255348 0.022000 0.125668
4 0.226000 0.254011 0.028000 0.133690
4 0.196000 0.255348 0.028000 0.125668
4 0.167000 0.248663 0.034000 0.144385
4 0.135000 0.245989 0.034000 0.149733
4 0.087000 0.244652 0.030000 0.152406
4 0.054000 0.251337 0.032000 0.139037
10 0.606000 0.903743 0.784000 0.187166
4 0.052000 0.731283 0.044000 0.125668
4 0.022000 0.791444 0.044000 0.090909
